(1, 18)
(8, 1)
(1, 9)
(8, 9)
(35, 253)
(17, 253)
(253, 245)
(17, 26)
(1, 143)
(1, 17)
(1, 245)
(8, 17)
(8, 245)
(35, 143)
(17, 35)
(18, 253)
(1, 253)
(26, 117)
(17, 36)
(1, 26)
(9, 117)
(1, 27)
(36, 253)
(18, 35)
(35, 36)
(1, 35)
(8, 253)
(8, 143)
(26, 253)
(9, 35)
(35, 117)
(245, 143)
(253, 143)
(26, 143)
(26, 35)
(27, 253)
(8, 35)
(9, 253)
(8, 26)
(26, 245)
(9, 143)
(253, 117)
(1, 117)
(117, 143)
(17, 245)
(17, 18)
(36, 143)
(9, 26)
(26, 27)
(17, 117)
(8, 36)
(17, 10)
(1, 10)
(17, 27)
(8, 117)
(8, 27)
(9, 17)
(1, 36)
(8, 1, 9)
(8, 1, 143)
(8, 1, 17)
(8, 1, 253)
(8, 1, 26)
(8, 1, 35)
(8, 1, 117)
(1, 9, 143)
(1, 9, 17)
(1, 253, 9)
(1, 26, 9)
(1, 35, 9)
(8, 9, 17)
(8, 9, 253)
(8, 9, 143)
(8, 9, 35)
(8, 9, 26)
(17, 35, 253)
(35, 253, 143)
(1, 35, 253)
(8, 35, 253)
(17, 26, 253)
(17, 253, 1)
(8, 17, 253)
(17, 253, 9)
(17, 117, 253)
(17, 26, 1)
(8, 17, 26)
(17, 26, 35)
(1, 35, 143)
(1, 253, 143)
(1, 26, 143)
(1, 117, 143)
(1, 35, 17)
(1, 117, 17)
(8, 17, 35)
(8, 17, 117)
(8, 35, 143)
(1, 26, 253)
(1, 117, 253)
(1, 26, 35)
(8, 253, 143)
(8, 26, 253)
(8, 117, 253)
(8, 26, 143)
(8, 117, 143)
(26, 253, 143)
(9, 253, 143)
(117, 253, 143)
(1, 8, 9, 253)
(1, 8, 253, 143)
(1, 17, 8, 253)
(1, 17, 35, 8)
(1, 8, 26, 253)
(1, 35, 8, 253)
(17, 1, 35, 253)
(10, 253)
(9, 18)
(18, 26)
(8, 18)
(253, 245, 1)
(17, 18, 253)
(1, 245, 17)
(1, 18, 17)
(8, 1, 245)
(1, 18, 253)
(1, 17, 8, 9)
