(1, 253)
(1, 253, 17)
(1, 17)
(17, 253)
(8, 1, 253, 17)
(8, 1, 253)
(8, 1, 17)
(8, 1)
(8, 17, 253)
(8, 253)
(8, 17)
(1, 253, 17, 143)
(8, 1, 253, 143)
(1, 253, 143)
(8, 1, 17, 143)
(1, 17, 143)
(8, 1, 143)
(1, 143)
(17, 253, 143)
(8, 253, 143)
(253, 143)
(8, 17, 143)
(17, 143)
(8, 143)
(8, 1, 26, 253)
(1, 26, 253)
(1, 26, 17)
(8, 1, 26)
(1, 26, 143)
(1, 26)
(17, 26, 253)
(8, 26, 253)
(26, 253, 143)
(26, 253)
(8, 17, 26)
(17, 26, 143)
(17, 26)
(8, 26, 143)
(8, 26)
(26, 143)
(1, 35, 253, 17)
(8, 1, 35, 253)
(1, 35, 253)
(8, 1, 35, 17)
(1, 35, 17)
(8, 1, 35)
(1, 35, 143)
(1, 26, 35)
(1, 35)
(17, 35, 253)
(8, 35, 253)
(35, 253, 143)
(35, 253)
(8, 17, 35)
(17, 35, 143)
(17, 26, 35)
(17, 35)
(8, 35, 143)
(8, 35)
(35, 143)
(26, 35)
(8, 1, 253, 9)
(1, 253, 9)
(8, 1, 17, 9)
(1, 17, 9)
(8, 1, 9)
(1, 9, 143)
(1, 26, 9)
(1, 35, 9)
(1, 9)
(17, 253, 9)
(8, 9, 253)
(9, 253, 143)
(9, 253)
(8, 17, 9)
(17, 9, 143)
(17, 9)
(8, 9, 143)
(8, 9, 26)
(8, 9, 35)
(8, 9)
(9, 143)
(9, 26)
(9, 35)
(1, 117, 253)
(1, 117, 17)
(8, 1, 117)
(1, 117, 143)
(1, 117)
(17, 117, 253)
(8, 117, 253)
(117, 253, 143)
(117, 253)
(8, 17, 117)
(17, 117, 143)
(17, 117)
(8, 117, 143)
(8, 117)
(117, 143)
(26, 117)
(35, 117)
(9, 117)
(1, 18, 253)
(1, 18, 17)
(1, 18, 143)
(1, 18)
(17, 18, 253)
(18, 253)
(17, 18, 143)
(17, 18)
(8, 18)
(18, 143)
(26, 18)
(18, 35)
(9, 18)
(1, 253, 245)
(1, 245, 17)
(8, 1, 245)
(1, 245)
(245, 253)
(17, 245)
(8, 245)
(245, 143)
(26, 245)
(1, 36)
(36, 253)
(17, 36)
(8, 36)
(36, 143)
(35, 36)
(1, 27)
(27, 253)
(17, 27)
(8, 27)
(26, 27)
(1, 10)
(10, 253)
(17, 10)
